proposal,bounties,burnt,net_flow,block_time,new_income,net_flow_adjusted
-55444,0,-37622,2072875,2022-10-01,1500000,1068421
-235637,0,-797792,1607945,2022-11-01,1500000,466597
-571199,0,-421327,2186611,2022-12-01,1500000,507503
-153799,0,-439896,1785064,2023-01-01,1500000,90625
-746089,0,-441354,60757,2023-02-01,1500000,312589
-44883,0,-88831,411874,2023-03-01,1500000,162879
-225774,0,-446792,347553,2023-04-01,1500000,827454
-285016,0,-450597,956325,2023-05-01,1500000,764402
-102894,0,-458023,1020182,2023-06-01,1500000,939105
-969862,-540,-923239,-92772,2023-07-01,1500000,-933083
-227861,-36199,-4561,-164562,2023-08-01,1500000,454083
-282889,0,-453479,-142134,2023-09-01,1500000,763656
-532545,-25004,-448199,-15628,2023-10-01,1500000,494292
-1381319,-80779,-885001,-1099349,2023-11-01,1500000,-847023
-837737,0,-434425,2012,2023-12-01,1500000,194593
-1035551,-60966,-431796,-365994,2024-01-01,1500000,-2819
-1961772,-290,-844982,-2131843,2024-02-01,1500000,-1596700
-1287813,-775261,-36829,-1199986,2024-03-01,1500000,-931267
-3956485,-276581,-332681,-3458103,2024-04-01,1500000,-3065702
-3337982,-491054,-298053,-3565833,2024-05-01,1500000,-2627047
-3620840,-9203,-109943,-4388479,2024-06-01,1500000,-2663470
-1078863,0,-180773,0,2024-07-01,1500000,240394
-849575,0,-171767,-875945,2024-08-01,1500000,478686
-256383,-96,-168869,-3953,2024-09-01,1500000,979083
-290147,0,-112957,-296297,2024-10-01,1500000,1096909
